100 iphone 12MINI 5.400000 64 12.000000 1080 300 50 50 
101 iphone 12 6.100000 64 12.000000 1164 300 60 60 
102 iphone 12PRO 6.100000 64 12.000000 1440 300 70 70 
103 iphone XR 6.100000 64 8.000000 790 150 60 60 
104 iphone SE 5.500000 128 8.000000 550 120 87 87 
105 iphone      SE          5.000000 128 8.000000 387 100 40 40 
106 Samsung A52 5.000000 128 8.000000 770 150 48 48 
107 Samsung A32 5.000000 128 8.000000 435 120 41 41 
108 Samsung S21 12.000000 64 12.000000 1400 300 72 72 
109 Samsung Note20 6.400000 512 12.000000 2250 1000 24 24 
110 Google Pixel4a 5.500000 64 8.000000 768 250 32 32 
111 Google Pixel5 5.500000 64 12.000000 855 250 50 50 
112 Google Pixel4 6.100000 128 12.000000 1052 300 46 46 
